1421
1423
1423
1423
1423
1424
1425
1428
1431
1431
1432
1433
1436
1437
1438
1438
1438
1439
1440
1444
1445
1445
1446
1447
1447
1451
1453
1454
1456
1458
1458
1458
1459
1460
1460
1463
1463
1463
1464
1465
1466
1466
1471
1473
1474
1474
1475
1476
1485
1486
1487
1488
1488
1489
1490
1491
1495
1495
1495
1497
1499
1499
1499
1499
1509
1509
1511
1512
1513
1513
1516
1516
1519
1528
1530
1533
1534
1534
1536
1536
1537
1537
1539
1544
1546
1547
1548
1553
1553
1554
1555
1555
1555
1556
1556
1560
1564
1567
1570
1572
1578
1583
1585
1586
1588
1589
1592
1595
1595
1595
1595
1598
1598
1599
1600
1601
1601
1604
1605
1612
1614
1617
1617
1618
1618
1621
1625
1626
1629
1631
1632
1635
1642
1642
1644
1645
1647
1650
1651
1654
1658
1659
1660
1662
1662
1663
1668
1672
1675
1675
1676
1676
1677
1678
1679
1680
1683
1687
1687
1687
1689
1693
1695
1695
1697
1700
1701
1706
1707
1708
1708
1709
1709
1713
1715
1715
1715
1715
1717
1717
1718
1721
1721
1723
1723
1723
1724
1729
1731
1733
1733
1734
1734
1734
1735
1737
1737
1741
1743
1743
1744
1746
1747
1748
1752
1752
1758
1758
1758
1759
1759
1762
1764
1768
1768
1769
1773
1779
1779
1781
1782
1787
1789
1789
1789
1790
1791
1791
1794
1795
1797
1798
1799
1799
1800
1800
1801
1801
1803
1806
1807
1811
1813
1817
1821
1824
1824
1825
1828
1828
1830
1832
1833
1835
1844
1846
1847
1851
1852
1852
1854
1855
1855
1855
1855
1858
1860
1861
1862
1863
1864
1865
1866
1867
1869
1869
1870
1879
1882
1883
1883
1884
1886
1888
1890
1892
1896
1897
1897
1901
1901
1901
1902
1902
1912
1912
1913
1913
1915
1916
1916
1918
1921
1922
1927
1929
1931
1934
1934
1935
1935
1936
1937
1942
1945
1950
1953
1954
1955
1957
1966
1971
1971
1972
1978
1979
1982
1983
1983
1991
1994
1995
1996
1998
1999
1999
1999
2000
2002
2006
2007
2008
2011
2011
2013
2015
2021
2025
2028
2030
2035
2036
2037
2037
2037
2042
2042
2043
2046
2047
2054
2058
2059
2060
2061
2063
2065
2066
2067
2068
2071
2075
2075
2077
2079
2082
2084
2085
2086
2087
2089
2089
2090
2091
2091
2096
2100
2102
2108
2109
2111
2112
2116
2120
2121
2121
2122
2123
2125
2125
2125
2128
2129
2130
2131
2132
2134
2141
2143
2145
2145
2147
2147
2150
2152
2154
2158
2159
2163
2166
2166
2167
2172
2173
2174
2176
2178
2180
2182
2188
2190
2192
2195
2200
2201
2202
2204
2205
2207
2208
2208
2219
2223
2227
2227
2229
2231
2231
2240
2242
2242
2242
2243
2245
2246
2247
2249
2249
2249
2251
2251
2252
2254
2255
2258
2259
2260
2261
2261
2264
2266
2270
2271
2271
2272
2275
2280
2280
2285
2285
2285
2286
2286
2288
2296
2296
2298
2300
2303
2315
2316
2325
2329
2330
2332
2333
2340
2343
2345
2349
2353
2354
2354
2354
2358
2358
2360
2362
2367
2369
2370
2371
2373
2374
2378
2387
2389
2392
2404
2406
2406
2407
2407
2410
2414
2414
2416
2419
2423
2425
2428
2428
2431
2432
2436
2436
2440
2441
2442
2448
2449
2454
2458
2462
2463
2464
2467
2467
2471
2475
2475
2486
2487
2491
2497
2497
2498
2501
2507
2510
2516
2525
2528
2532
2541
2541
2548
2548
2551
2556
2559
2561
2565
2574
2576
2583
2592
2594
2594
2597
2598
2604
2606
2609
2610
2611
2615
2618
2624
2631
2631
2634
2634
2636
2637
2637
2639
2640
2641
2646
2647
2647
2652
2655
2659
2662
2663
2668
2671
2673
2677
2682
2685
2688
2690
2693
2700
2703
2712
2713
2715
2717
2718
2722
2723
2725
2725
2733
2734
2734
2735
2736
2742
2746
2748
2748
2748
2751
2754
2760
2761
2768
2769
2773
2779
2780
2782
2785
2785
2790
2791
2801
2808
2809
2812
2820
2822
2824
2824
2826
2828
2829
2832
2838
2841
2841
2842
2844
2852
2853
2854
2857
2862
2863
2868
2869
2869
2871
2872
2874
2877
2878
2883
2890
2891
2894
2896
2901
2904
2906
2908
2912
2913
2913
2913
2918
2918
2918
2918
2921
2922
2922
2933
2935
2935
2939
2958
2959
2959
2960
2961
2963
2968
2974
2978
2984
2985
2985
2988
2989
2989
2996
2999
3000
3005
3006
3007
3011
3014
3014
3017
3019
3021
3023
3026
3027
3028
3031
3031
3041
3042
3043
3044
3049
3052
3058
3064
3067
3072
3073
3075
3078
3079
3083
3084
3092
3092
3092
3101
3104
3105
3107
3111
3114
3119
3121
3126
3126
3128
3131
3136
3141
3141
3144
3151
3151
3155
3156
3175
3183
3183
3183
3185
3188
3189
3194
3197
3203
3207
3216
3221
3227
3230
3230
3231
3236
3247
3247
3254
3256
3260
3262
3263
3267
3270
3271
3272
3274
3275
3282
3283
3287
3288
3292
3293
3295
3306
3307
3312
3318
3322
3327
3329
3331
3332
3336
3337
3337
3339
3339
3340
3343
3344
3345
3351
3355
3358
3373
3373
3375
3375
3376
3378
3380
3381
3384
3385
3403
3403
3405
3405
3406
3409
3415
3416
3424
3430
3437
3439
3442
3444
3455
3455
3462
3464
3468
3468
3470
3472
3478
3481
3481
3483
3486
3486
3489
3491
3493
3495
3497
3504
3516
3523
3530
3534
3538
3540
3540
3544
3544
3545
3547
3560
3562
3564
3564
3566
3571
3579
3580
3582
3587
3588
3588
3594
3597
3602
3602
3603
3603
3618
3622
3625
3633
3640
3641
3642
3647
3653
3653
3657
3660
3668
3674
3679
3680
3684
3688
3690
3696
3697
3700
3708
3710
3710
3712
3724
3725
3730
3730
3734
3739
3746
3754
3754
3756
3756
3758
3759
3762
3768
3770
3776
3781
3781
3794
3796
3799
3801
3803
3804
3805
3806
3810
3815
3820
3832
3833
3837
3838
3853
3857
3865
3868
3872
3872
3873
3874
3895
3895
3901
3902
3904
3915
3916
3920
3931
3937
3937
3937
3947
3955
3959
3964
3966
3972
3977
3981
3995
3998
