# Evaluation of time performance 
#
#{AllocSize(Byte)	Time(ms)Balloc	Time(ms)Bfree}
10	0.000137	0.000060
20	0.000098	0.000073
30	0.000119	0.000058
40	0.000092	0.000060
50	0.000127	0.000061
60	0.000123	0.000063
70	0.000119	0.000063
80	0.000119	0.000058
90	0.000124	0.000058
100	0.000120	0.000063
110	0.000191	0.000071
120	0.000190	0.000070
130	0.000239	0.000084
140	0.000195	0.000068
150	0.000199	0.000070
160	0.000189	0.000080
170	0.000190	0.000070
180	0.000200	0.000109
190	0.000203	0.000074
200	0.000254	0.000091
210	0.000210	0.000109
220	0.000184	0.000069
230	0.000204	0.000104
240	0.000336	0.000107
250	0.000353	0.000081
260	0.000338	0.000078
270	0.000327	0.000085
280	0.000363	0.000084
290	0.000344	0.000086
300	0.000380	0.000090
310	0.000340	0.000089
320	0.000376	0.000107
330	0.000346	0.000078
340	0.000357	0.000077
350	0.000333	0.000076
360	0.000326	0.000078
370	0.000328	0.000080
380	0.000331	0.000080
390	0.000313	0.000077
400	0.000330	0.000081
410	0.000342	0.000099
420	0.000339	0.000079
430	0.000341	0.000095
440	0.000318	0.000080
450	0.000322	0.000090
460	0.000319	0.000080
470	0.000316	0.000082
480	0.000318	0.000080
490	0.000622	0.000095
500	0.000651	0.000118
510	0.000632	0.000127
520	0.000660	0.000110
530	0.000688	0.000077
540	0.000645	0.000078
550	0.000683	0.000080
560	0.000621	0.000083
570	0.000604	0.000082
580	0.000627	0.000097
590	0.000620	0.000078
600	0.000627	0.000077
610	0.000674	0.000076
620	0.000593	0.000082
630	0.000576	0.000081
640	0.000579	0.000079
650	0.000581	0.000084
660	0.000594	0.000095
670	0.000619	0.000077
680	0.000600	0.000085
690	0.000587	0.000079
700	0.000624	0.000078
710	0.000658	0.000080
720	0.000572	0.000080
730	0.000642	0.000082
740	0.000624	0.000120
750	0.000625	0.000102
760	0.000575	0.000078
770	0.000658	0.000103
780	0.000579	0.000079
790	0.000619	0.000105
800	0.000606	0.000079
810	0.000576	0.000075
820	0.000578	0.000079
830	0.000592	0.000080
840	0.000764	0.000077
850	0.000577	0.000077
860	0.000599	0.000083
870	0.000625	0.000079
880	0.000624	0.000079
890	0.000657	0.000078
900	0.000576	0.000082
910	0.000619	0.000085
920	0.000581	0.000077
930	0.000648	0.000079
940	0.000576	0.000077
950	0.000570	0.000080
960	0.000582	0.000079
970	0.000640	0.000079
980	0.000595	0.000081
990	0.000582	0.000080
1000	0.000594	0.000078
1010	0.001114	0.000123
1020	0.001129	0.000076
1030	0.001117	0.000077
1040	0.001129	0.000075
1050	0.001181	0.000075
1060	0.001186	0.000082
1070	0.001178	0.000076
1080	0.001224	0.000078
1090	0.001188	0.000079
1100	0.001133	0.000079
1110	0.001096	0.000074
1120	0.001092	0.000073
1130	0.001125	0.000074
1140	0.001089	0.000072
1150	0.001087	0.000071
1160	0.001099	0.000075
1170	0.001136	0.000071
1180	0.001121	0.000076
1190	0.001143	0.000104
1200	0.001139	0.000082
1210	0.001091	0.000076
1220	0.001100	0.000075
1230	0.001121	0.000084
1240	0.001175	0.000070
1250	0.001136	0.000077
1260	0.001180	0.000077
1270	0.001128	0.000075
1280	0.001130	0.000113
1290	0.001187	0.000074
1300	0.001152	0.000088
1310	0.001095	0.000074
1320	0.001156	0.000075
1330	0.001087	0.000073
1340	0.001119	0.000077
1350	0.001146	0.000075
1360	0.001083	0.000073
1370	0.001089	0.000076
1380	0.001074	0.000072
1390	0.001086	0.000073
1400	0.001169	0.000077
1410	0.001089	0.000070
1420	0.001087	0.000074
1430	0.001080	0.000079
1440	0.001085	0.000070
1450	0.001295	0.000075
1460	0.001090	0.000071
1470	0.001092	0.000088
1480	0.001103	0.000074
1490	0.001083	0.000076
1500	0.001085	0.000078
1510	0.001103	0.000072
1520	0.001200	0.000077
1530	0.001093	0.000071
1540	0.001081	0.000072
1550	0.001107	0.000077
1560	0.001095	0.000077
1570	0.001104	0.000074
1580	0.001104	0.000072
1590	0.001155	0.000073
1600	0.001202	0.000129
1610	0.001164	0.000087
1620	0.001143	0.000072
1630	0.001092	0.000072
1640	0.001223	0.000083
1650	0.001080	0.000072
1660	0.001094	0.000073
1670	0.001080	0.000079
1680	0.001089	0.000076
1690	0.001187	0.000076
1700	0.001190	0.000078
1710	0.001104	0.000074
1720	0.001085	0.000070
1730	0.001237	0.000095
1740	0.001100	0.000075
1750	0.001100	0.000070
1760	0.001092	0.000078
1770	0.001099	0.000073
1780	0.001156	0.000119
1790	0.001189	0.000077
1800	0.001220	0.000075
1810	0.001215	0.000077
1820	0.001150	0.000073
1830	0.001090	0.000072
1840	0.001143	0.000070
1850	0.001174	0.000073
1860	0.001091	0.000072
1870	0.001088	0.000080
1880	0.001130	0.000075
1890	0.001063	0.000076
1900	0.001083	0.000102
1910	0.001180	0.000075
1920	0.001108	0.000076
1930	0.001093	0.000123
1940	0.001110	0.000079
1950	0.001113	0.000075
1960	0.001147	0.000078
1970	0.001167	0.000081
1980	0.001106	0.000078
1990	0.001144	0.000077
2000	0.001213	0.000087
2010	0.001208	0.000080
2020	0.001267	0.000072
2030	0.002422	0.000156
2040	0.002299	0.000159
2050	0.002439	0.000161
2060	0.002253	0.000164
2070	0.002224	0.000157
2080	0.002221	0.000155
2090	0.002213	0.000127
2100	0.002125	0.000157
2110	0.002162	0.000161
2120	0.002144	0.000162
2130	0.002426	0.000162
2140	0.002291	0.000154
2150	0.002254	0.000159
2160	0.002138	0.000158
2170	0.002147	0.000136
2180	0.002154	0.000159
2190	0.002338	0.000153
2200	0.002138	0.000160
2210	0.002152	0.000152
2220	0.002140	0.000158
2230	0.002333	0.000149
2240	0.002180	0.000157
2250	0.002216	0.000155
2260	0.002324	0.000156
2270	0.002254	0.000142
2280	0.002262	0.000148
2290	0.002202	0.000149
2300	0.002245	0.000145
2310	0.002304	0.000160
2320	0.002208	0.000165
2330	0.002269	0.000160
2340	0.002271	0.000160
2350	0.002328	0.000147
2360	0.002188	0.000159
2370	0.002150	0.000156
2380	0.002231	0.000158
2390	0.002280	0.000164
2400	0.002250	0.000156
2410	0.002208	0.000124
2420	0.002352	0.000161
2430	0.002236	0.000160
2440	0.002226	0.000158
2450	0.002286	0.000159
2460	0.002123	0.000163
2470	0.002165	0.000162
2480	0.002141	0.000156
2490	0.002277	0.000161
2500	0.002149	0.000160
2510	0.002370	0.000160
2520	0.002148	0.000153
2530	0.002155	0.000159
2540	0.002235	0.000155
2550	0.002163	0.000160
2560	0.002418	0.000162
2570	0.002209	0.000160
2580	0.002154	0.000153
2590	0.002271	0.000162
2600	0.002241	0.000161
2610	0.002275	0.000135
2620	0.002275	0.000163
2630	0.002137	0.000155
2640	0.002132	0.000156
2650	0.002182	0.000160
2660	0.002237	0.000162
2670	0.002140	0.000164
2680	0.002124	0.000155
2690	0.002232	0.000159
2700	0.002363	0.000128
2710	0.002366	0.000161
2720	0.002293	0.000164
2730	0.002105	0.000159
2740	0.002224	0.000158
2750	0.002276	0.000147
2760	0.002161	0.000153
2770	0.002237	0.000137
2780	0.002303	0.000161
2790	0.002263	0.000159
2800	0.002300	0.000150
2810	0.002385	0.000144
2820	0.002384	0.000149
2830	0.002279	0.000134
2840	0.002297	0.000156
2850	0.002361	0.000159
2860	0.002286	0.000129
2870	0.002223	0.000164
2880	0.002322	0.000140
2890	0.002247	0.000157
2900	0.002269	0.000151
2910	0.002203	0.000147
2920	0.002228	0.000156
2930	0.002283	0.000154
2940	0.002237	0.000159
2950	0.002279	0.000159
2960	0.002187	0.000160
2970	0.002120	0.000156
2980	0.002229	0.000145
2990	0.002191	0.000160
3000	0.002114	0.000161
3010	0.002273	0.000159
3020	0.002114	0.000160
3030	0.002131	0.000143
3040	0.002108	0.000158
3050	0.002140	0.000152
3060	0.002116	0.000161
3070	0.002116	0.000161
3080	0.002130	0.000156
3090	0.002268	0.000152
3100	0.002120	0.000158
3110	0.002097	0.000159
3120	0.002124	0.000156
3130	0.002133	0.000135
3140	0.002111	0.000153
3150	0.002094	0.000163
3160	0.002129	0.000161
3170	0.002123	0.000154
3180	0.002113	0.000143
3190	0.002129	0.000162
3200	0.002151	0.000156
3210	0.002266	0.000151
3220	0.002357	0.000161
3230	0.002163	0.000156
3240	0.002133	0.000158
3250	0.002274	0.000145
3260	0.002199	0.000154
3270	0.002170	0.000147
3280	0.002128	0.000156
3290	0.002118	0.000153
3300	0.002133	0.000157
3310	0.002119	0.000158
3320	0.002160	0.000163
3330	0.002164	0.000158
3340	0.002170	0.000157
3350	0.002137	0.000164
3360	0.002184	0.000147
3370	0.002174	0.000161
3380	0.002281	0.000163
3390	0.002248	0.000156
3400	0.002306	0.000154
3410	0.002248	0.000155
3420	0.002306	0.000160
3430	0.002269	0.000147
3440	0.002300	0.000153
3450	0.002325	0.000154
3460	0.002339	0.000160
3470	0.002201	0.000158
3480	0.002251	0.000129
3490	0.002259	0.000143
3500	0.002349	0.000141
3510	0.002197	0.000160
3520	0.002254	0.000152
3530	0.002367	0.000152
3540	0.002197	0.000155
3550	0.002149	0.000137
3560	0.002441	0.000143
3570	0.002336	0.000147
3580	0.002365	0.000167
3590	0.002170	0.000152
3600	0.002229	0.000165
3610	0.002118	0.000138
3620	0.002108	0.000163
3630	0.002221	0.000156
3640	0.002379	0.000139
3650	0.002342	0.000161
3660	0.002092	0.000160
3670	0.002107	0.000157
3680	0.002171	0.000157
3690	0.002271	0.000154
3700	0.002260	0.000135
3710	0.002354	0.000153
3720	0.002189	0.000146
3730	0.002113	0.000160
3740	0.002213	0.000153
3750	0.002121	0.000161
3760	0.002642	0.000161
3770	0.002189	0.000155
3780	0.002134	0.000161
3790	0.002108	0.000159
3800	0.002121	0.000184
3810	0.002149	0.000154
3820	0.002117	0.000157
3830	0.002137	0.000158
3840	0.002220	0.000162
3850	0.002216	0.000157
3860	0.002225	0.000152
3870	0.002171	0.000162
3880	0.002139	0.000165
3890	0.002085	0.000227
3900	0.002146	0.000148
3910	0.002138	0.000155
3920	0.002129	0.000158
3930	0.002139	0.000156
3940	0.002141	0.000152
3950	0.002144	0.000156
3960	0.002199	0.000136
3970	0.002124	0.000153
3980	0.002120	0.000155
3990	0.002119	0.000151
4000	0.002152	0.000166
# Benchmark done!
